Variable,Coefficient,P-value
Intercept,-1.7181493000623291,0.8712627160198256
C(COMPANY_ID)[T.1047],-0.13077870391741733,0.1061001521927442
C(COMPANY_ID)[T.1071],-0.2436180012579279,0.007087377037226033
C(COMPANY_ID)[T.1076],-320.24336362934275,0.014253128496021833
C(COMPANY_ID)[T.1090],-154.67031164496473,0.46337206346705617
C(COMPANY_ID)[T.1106],21.25711135667997,0.20062927870511796
C(COMPANY_ID)[T.1117],4.262893805343083,0.9795788004163177
C(COMPANY_ID)[T.1179],27.3707097711885,0.4327131790207214
C(COMPANY_ID)[T.1193],-0.014029691106078573,0.8508065600329191
C(COMPANY_ID)[T.1219],-3.3931938314370953,0.7632364203516182
C(COMPANY_ID)[T.1241],-434.5403289261036,2.9707536039794326e-06
C(COMPANY_ID)[T.125],70.50370983332199,0.0015693990553304333
C(COMPANY_ID)[T.1266],-284.1358915977794,0.03693760961704921
C(COMPANY_ID)[T.1304],12.240892428564258,0.2856658830852254
C(COMPANY_ID)[T.1308],-0.18363701416137845,0.06474847016667035
C(COMPANY_ID)[T.1327],-315.7398298035893,0.0017487856860354367
C(COMPANY_ID)[T.1371],13.249876633301369,0.24186951282023475
C(COMPANY_ID)[T.1423],36.97886572068597,0.015165489701862427
C(COMPANY_ID)[T.1429],-0.16966169786083962,0.011631074672700754
C(COMPANY_ID)[T.1431],10.334329755810472,0.41831215036155867
C(COMPANY_ID)[T.1443],13.495691876583095,0.2797115099425512
C(COMPANY_ID)[T.1456],44.840482452524114,0.0027520191005805557
C(COMPANY_ID)[T.1472],10.999346355547743,0.5416705755245996
C(COMPANY_ID)[T.1496],16.859311323150457,0.15577433248011743
C(COMPANY_ID)[T.1526],31.92561164736508,0.017029611325530526
C(COMPANY_ID)[T.1535],10.039213237414543,0.34752118115719277
C(COMPANY_ID)[T.154],62.97057578624417,0.003563866393327303
C(COMPANY_ID)[T.1546],54.10016509138565,0.016466978898114715
C(COMPANY_ID)[T.1547],-70.30232545238812,0.5310872973577473
C(COMPANY_ID)[T.1608],-198.79173329592186,0.17874752278071807
C(COMPANY_ID)[T.1645],7.773106887422159,0.9593961759781622
C(COMPANY_ID)[T.1649],-1.7679017335016454,0.9703070123444995
C(COMPANY_ID)[T.1672],17.891288949253422,0.1938751846673784
C(COMPANY_ID)[T.1679],906.7302695518579,0.002440191624343362
C(COMPANY_ID)[T.1719],38.76984512993391,0.012187835210996317
C(COMPANY_ID)[T.1732],-410.010528767526,0.6699416956744311
C(COMPANY_ID)[T.1754],51.0799089050433,0.07681809253951016
C(COMPANY_ID)[T.1773],4.842720967291314,0.8375334461466505
C(COMPANY_ID)[T.1778],-0.03866878402969687,0.7867817340964599
C(COMPANY_ID)[T.1794],6.12943415726328,0.6346607041678884
C(COMPANY_ID)[T.1832],-0.153778409344849,0.01991266007412135
C(COMPANY_ID)[T.1844],5.529112018338708,0.8594313861654466
C(COMPANY_ID)[T.1857],34.18506246767832,0.031023979206089777
C(COMPANY_ID)[T.1858],2.9752179567511092,0.813920196927476
C(COMPANY_ID)[T.1867],12.01155037454134,0.42213765730011144
C(COMPANY_ID)[T.1876],24.602660377968647,0.24370793721883044
C(COMPANY_ID)[T.1879],20.22612212911963,0.1607363002197555
C(COMPANY_ID)[T.1940],-5.52716229405915,0.8676050676437773
C(COMPANY_ID)[T.1944],0.05788964301733335,0.376047031305189
C(COMPANY_ID)[T.1957],46.48796976168347,0.323824026069611
C(COMPANY_ID)[T.2018],0.13200183890889283,0.3544485081130061
C(COMPANY_ID)[T.2025],-6.930423732850018,0.6233934829077252
C(COMPANY_ID)[T.2044],16.802259283806713,0.22384012849290746
C(COMPANY_ID)[T.2071],-0.009520798148325016,0.896305070098415
C(COMPANY_ID)[T.2074],45.37999797012898,0.25124849402075977
C(COMPANY_ID)[T.2081],20.455584610209428,0.5240983119520072
C(COMPANY_ID)[T.2084],26.36563042535962,0.18534968379424266
C(COMPANY_ID)[T.2090],-0.2846219792632565,0.00047477899749400485
C(COMPANY_ID)[T.2098],-558.6644451113962,0.4466017919163835
C(COMPANY_ID)[T.2143],37.54318295539486,0.07819018372746113
C(COMPANY_ID)[T.2145],85.57155353534594,0.014499960968647762
C(COMPANY_ID)[T.2157],73.45780234566263,0.004385363770817406
C(COMPANY_ID)[T.2160],-0.026674446316403255,0.8235918717035814
C(COMPANY_ID)[T.2164],15.933974617128356,0.29616514148804557
C(COMPANY_ID)[T.2176],-0.0872508428268578,0.2985993378207337
C(COMPANY_ID)[T.2185],-153.09402612813597,0.27684762117227857
C(COMPANY_ID)[T.2189],-10.428559298403115,0.6728897451343281
C(COMPANY_ID)[T.2203],0.9233755994724504,0.9448355159746035
C(COMPANY_ID)[T.223],0.016778091916753057,0.8659766554386144
C(COMPANY_ID)[T.2235],-29.981293329469345,0.029954944246320652
C(COMPANY_ID)[T.2238],38.62818833633138,0.028921242640974183
C(COMPANY_ID)[T.2288],-163.10262946144758,0.8689450625636865
C(COMPANY_ID)[T.2302],56.62908608986936,0.03698538447027719
C(COMPANY_ID)[T.2316],36.179059889230615,0.22831440147559853
C(COMPANY_ID)[T.2325],19.163227259092537,0.8517360889835228
C(COMPANY_ID)[T.2331],-0.13400498101850766,0.10025582653296931
C(COMPANY_ID)[T.2335],-104.99190974048767,0.19822901725196265
C(COMPANY_ID)[T.2336],-56.24224194371493,0.6332032651944435
C(COMPANY_ID)[T.2340],17.10083751168611,0.291511260852566
C(COMPANY_ID)[T.2341],-0.07320928328442877,0.5406353383407476
C(COMPANY_ID)[T.2347],-58.004089076190496,0.717221637538422
C(COMPANY_ID)[T.2348],-0.34187510419705003,4.783096639776687e-05
C(COMPANY_ID)[T.2359],21.409836533538126,0.21164901174483186
C(COMPANY_ID)[T.2362],-16.80332773274541,0.46819074807750527
C(COMPANY_ID)[T.2364],138.85475083119903,0.36885476910121273
C(COMPANY_ID)[T.2367],231.71156632843548,0.00021465461798221132
C(COMPANY_ID)[T.2371],38.52627209326195,0.35565625465331985
C(COMPANY_ID)[T.2372],-98.20302139682192,0.01961782823202842
C(COMPANY_ID)[T.2383],23.66386267481704,0.08381250569216342
C(COMPANY_ID)[T.2391],392.1360286467043,0.6467615560157112
C(COMPANY_ID)[T.240],-30.222779886415765,0.2700950418448357
C(COMPANY_ID)[T.2405],-302.3852968447238,0.0358348265839988
C(COMPANY_ID)[T.2406],-456.6357282198981,6.953135113318491e-06
C(COMPANY_ID)[T.2425],0.07386771893208943,0.22629348326408355
C(COMPANY_ID)[T.2431],13.004949465400955,0.22265880793538617
C(COMPANY_ID)[T.2432],-94.83078811212184,0.440125817001885
C(COMPANY_ID)[T.2434],-12.756682783951675,0.6301177513205971
C(COMPANY_ID)[T.2441],-194.84527066033115,0.6066815376127228
C(COMPANY_ID)[T.2447],-24.94859847519458,0.2296777955698538
C(COMPANY_ID)[T.2455],40.200376803501,0.06373786592083536
C(COMPANY_ID)[T.2510],15.22159856583221,0.2652717021456368
C(COMPANY_ID)[T.2514],-93.40544742251996,0.6996618298413964
C(COMPANY_ID)[T.2520],148.93752426185586,0.012987798732894622
C(COMPANY_ID)[T.2523],5.587003238468576,0.7929950475161942
C(COMPANY_ID)[T.2537],70.51875588411787,0.26635191501113975
C(COMPANY_ID)[T.254],11.236279486265154,0.31454938379385294
C(COMPANY_ID)[T.2540],-8.227867120520962,0.8172002420389748
C(COMPANY_ID)[T.2548],-139.011626516178,0.21036747699062172
C(COMPANY_ID)[T.2553],22.265311715571677,0.4837070706938935
C(COMPANY_ID)[T.2555],-0.13809280070383334,0.09210310511090132
C(COMPANY_ID)[T.2562],5.07234123518451,0.6693579401479077
C(COMPANY_ID)[T.2567],23.990728126797848,0.2800187595098428
C(COMPANY_ID)[T.2570],20.467230753323168,0.09846652279341998
C(COMPANY_ID)[T.2574],42.65496282463829,0.01886195788348963
C(COMPANY_ID)[T.2575],-2.0916565841115187,0.8911135462450481
C(COMPANY_ID)[T.2599],-2.1212811453557556,0.8974478714900016
C(COMPANY_ID)[T.2609],-0.05664142453637644,0.4989536228090533
C(COMPANY_ID)[T.2614],18.170379048472796,0.8062012426577815
C(COMPANY_ID)[T.2619],0.1391417400808328,0.3289227634215668
C(COMPANY_ID)[T.2624],-76.51013696684382,0.004368296914808715
C(COMPANY_ID)[T.2629],19.210037272992075,0.1554441427495585
C(COMPANY_ID)[T.2638],0.06193386801430163,0.4387001519138497
C(COMPANY_ID)[T.2642],0.29087588026754574,0.9813666001284531
C(COMPANY_ID)[T.2643],400.53362215542256,0.044927140532008594
C(COMPANY_ID)[T.2644],83.68055309901165,1.2903717999775822e-05
C(COMPANY_ID)[T.2645],-1493.0090172990845,0.019496826785828644
C(COMPANY_ID)[T.2663],-81.95557805237237,3.854229781652749e-05
C(COMPANY_ID)[T.2671],230.1003678727003,0.14464230312623133
C(COMPANY_ID)[T.2677],-13.645596147951764,0.42769759901568605
C(COMPANY_ID)[T.2693],-0.07004391452560843,0.5856884987381858
C(COMPANY_ID)[T.2715],-0.2013488065824316,0.11794363248568186
C(COMPANY_ID)[T.2716],18.371982543211267,0.29134427638343796
C(COMPANY_ID)[T.2721],9.57733827009396,0.7365948029730953
C(COMPANY_ID)[T.2722],63.81696234101125,0.032580960159820545
C(COMPANY_ID)[T.2739],74.80905567911003,0.010048280514406238
C(COMPANY_ID)[T.2742],-92.23257695416584,0.02154545847300736
C(COMPANY_ID)[T.2743],17.306901939040493,0.2869624376888702
C(COMPANY_ID)[T.2754],25.995167698444135,0.45310711366330525
C(COMPANY_ID)[T.2789],23.08390796140688,0.19063906290924765
C(COMPANY_ID)[T.2809],-0.18736741262969092,0.14671633275649335
C(COMPANY_ID)[T.2816],17.018429008898824,0.13535053187381416
C(COMPANY_ID)[T.2838],-4.761222821075286,0.787253538927591
C(COMPANY_ID)[T.2843],0.001266112977566125,0.9827565080988534
C(COMPANY_ID)[T.285],-38.369912813561655,0.35715610057875025
C(COMPANY_ID)[T.2854],-74.51561679894894,0.11896347895103636
C(COMPANY_ID)[T.2867],256.87770743691453,0.4461754583041526
C(COMPANY_ID)[T.2881],36.92991589333678,0.3196343471277818
C(COMPANY_ID)[T.2901],-0.18205217593155698,0.027005651275490795
C(COMPANY_ID)[T.2905],-553.528147174713,0.28388909982918675
C(COMPANY_ID)[T.2907],25.988851197671373,0.040271914553415014
C(COMPANY_ID)[T.2943],8.243577051752368,0.8608862185995032
C(COMPANY_ID)[T.2959],30.32335710537936,0.4527143850499983
C(COMPANY_ID)[T.2967],-4.6860504723530525,0.7338373826131022
C(COMPANY_ID)[T.2972],14.325667424718958,0.36523984151959343
C(COMPANY_ID)[T.2973],89.55042168815612,0.3844254749133802
C(COMPANY_ID)[T.3032],25.246853782784882,0.3621830373575011
C(COMPANY_ID)[T.3068],-9.953300053011617,0.8943542329187988
C(COMPANY_ID)[T.3079],29.570255190868295,0.050984683952351964
C(COMPANY_ID)[T.3084],0.07127618927242071,0.2664333064249656
C(COMPANY_ID)[T.3092],-1.510138414497959,0.8973655270768314
C(COMPANY_ID)[T.3109],-30.685452676821384,0.15230992395695434
C(COMPANY_ID)[T.3135],33.95862570494381,0.29021556399536913
C(COMPANY_ID)[T.3169],-27.380970475900163,0.42102353338496046
C(COMPANY_ID)[T.3181],8.556753230959735,0.6176396347282553
C(COMPANY_ID)[T.3189],-9.69363710376632,0.7958329838268778
C(COMPANY_ID)[T.3208],-1.0870116467871185,0.9663191457482004
C(COMPANY_ID)[T.3223],-0.01667722742024596,0.8328148178086915
C(COMPANY_ID)[T.3246],0.5583437371553046,0.9602927550034124
C(COMPANY_ID)[T.3254],10.109012950061015,0.9108230703902414
C(COMPANY_ID)[T.3257],-9.70486241622671,0.4189933697807394
C(COMPANY_ID)[T.3282],29.521837476984217,0.06729359270925073
C(COMPANY_ID)[T.3301],8.832967221190344,0.502130309416297
C(COMPANY_ID)[T.3306],-104.54357045663016,0.17403546483645832
C(COMPANY_ID)[T.3313],17.46894688914952,0.6677349691045269
C(COMPANY_ID)[T.3320],8.382818310167124,0.537457146670471
C(COMPANY_ID)[T.3331],-13.712748090132607,0.39878053617583575
C(COMPANY_ID)[T.3336],-0.0653204511619668,0.4358282879539741
C(COMPANY_ID)[T.3352],9.372762245831638,0.5664802785456213
C(COMPANY_ID)[T.3353],-118.23420332883029,0.5304632354042906
C(COMPANY_ID)[T.3376],30.176326868161432,0.17688961339011575
C(COMPANY_ID)[T.3382],30.516019125288196,0.054954721456920416
C(COMPANY_ID)[T.3389],-0.0311616232562153,0.6129902208259537
C(COMPANY_ID)[T.3390],40.79964794100437,0.005319884874997673
C(COMPANY_ID)[T.3401],7.142428338922272,0.759102902847587
C(COMPANY_ID)[T.3409],10.246867066156415,0.5057525153512862
C(COMPANY_ID)[T.3410],194.8256786756573,0.6148973201878432
C(COMPANY_ID)[T.3419],-775.6237752256584,0.2629542756226687
C(COMPANY_ID)[T.3434],-3.318289300706283,0.9141265382388968
C(COMPANY_ID)[T.3440],22.429153229535512,0.04505418914019456
C(COMPANY_ID)[T.3456],30.963252691747158,0.15984838169969476
C(COMPANY_ID)[T.3457],10.906122303465262,0.4550011144259791
C(COMPANY_ID)[T.3467],10.776491857878938,0.45483160144522483
C(COMPANY_ID)[T.3472],18.125460773193254,0.9065917526694738
C(COMPANY_ID)[T.3476],32.118046614205156,0.05209043924089092
C(COMPANY_ID)[T.3497],19.672648002785365,0.7835621287639442
C(COMPANY_ID)[T.3500],4.725540443861249,0.8276173003302446
C(COMPANY_ID)[T.3507],-0.14219676333976936,0.08176632918947647
C(COMPANY_ID)[T.3510],21.347273404980612,0.4949828188540305
C(COMPANY_ID)[T.3511],24.80192211343313,0.12656516335626844
C(COMPANY_ID)[T.3517],1.9641326403180734,0.8782215980538337
C(COMPANY_ID)[T.3537],35.29546776734384,0.2436377677157755
C(COMPANY_ID)[T.3540],0.07561991662694201,0.3673924922236058
C(COMPANY_ID)[T.3547],-246.19314896557012,0.0016711827470202991
C(COMPANY_ID)[T.3549],14.723502118525545,0.41076752411712303
C(COMPANY_ID)[T.3552],35.24905254979647,0.1303919343232335
C(COMPANY_ID)[T.3582],-13.191699351739654,0.4650672185699043
C(COMPANY_ID)[T.3592],42.005565207260474,0.2673997404114323
C(COMPANY_ID)[T.3599],9.035024367483972,0.6354717097523118
C(COMPANY_ID)[T.3607],-71.30646531078355,0.5876722613776753
C(COMPANY_ID)[T.3608],63.35153080093394,0.01726312729557175
C(COMPANY_ID)[T.3617],375.1803094041411,0.18325080732719615
C(COMPANY_ID)[T.3618],17.291738399553537,0.7420946606599017
C(COMPANY_ID)[T.3619],0.9014427285570434,0.9939212233081314
C(COMPANY_ID)[T.3628],37.34337336471421,0.024735850292112064
C(COMPANY_ID)[T.3630],88.36618201356691,0.7021496159956648
C(COMPANY_ID)[T.364],0.009337746944888647,0.9422109433692002
C(COMPANY_ID)[T.3641],-227.70236471246187,0.07954944353974816
C(COMPANY_ID)[T.3643],-334.83435653314723,0.3409359547933102
C(COMPANY_ID)[T.3644],0.03995342190287454,0.4914832965684628
C(COMPANY_ID)[T.3646],-0.004439621517063785,0.9401514480976685
C(COMPANY_ID)[T.3669],-21.434049328283436,0.8842675973259997
C(COMPANY_ID)[T.3674],43.93727985582973,0.22458935676014072
C(COMPANY_ID)[T.3681],8.749191381052384,0.5734353787523392
C(COMPANY_ID)[T.3685],-56.41507870954301,0.7285592431566382
C(COMPANY_ID)[T.369],174.04120397035726,2.471167175021256e-10
C(COMPANY_ID)[T.3691],33.116063936224066,0.25010391002835963
C(COMPANY_ID)[T.3692],19.59457237062,0.3743797502791816
C(COMPANY_ID)[T.3693],-514.9822300394376,0.007475931565657732
C(COMPANY_ID)[T.3699],252.85535246759954,0.25239391716192117
C(COMPANY_ID)[T.3700],-14.321752976233086,0.7397337936163524
C(COMPANY_ID)[T.3702],-46.97963618606531,0.18048853210080978
C(COMPANY_ID)[T.3707],28.287432568360543,0.5432325230174253
C(COMPANY_ID)[T.3718],400.65255216598143,0.6839657685294369
C(COMPANY_ID)[T.3720],18.280589023551777,0.30819006667814625
C(COMPANY_ID)[T.3722],-117.99464584761014,0.2212545836647298
C(COMPANY_ID)[T.3728],43.91187047027806,0.0122003243138431
C(COMPANY_ID)[T.3736],-866.380074743337,0.2236813644663532
C(COMPANY_ID)[T.3744],-130.73270023604374,0.1005397352107246
C(COMPANY_ID)[T.3748],0.05214634691145176,0.4203204835504333
C(COMPANY_ID)[T.3750],-26.927968754717448,0.11929205798259233
C(COMPANY_ID)[T.3751],-23.630217242738894,0.46384007129440274
C(COMPANY_ID)[T.3752],29.753660054322125,0.08639701021167419
C(COMPANY_ID)[T.3754],19.995037145460174,0.8965106070708038
C(COMPANY_ID)[T.3769],-3.0748401797941938,0.8983951806339889
C(COMPANY_ID)[T.377],0.08976384356746192,0.16251132120529804
C(COMPANY_ID)[T.3770],-16.53806267559682,0.2572057608117863
C(COMPANY_ID)[T.3773],-149.06961454630886,0.10045496141751488
C(COMPANY_ID)[T.3778],54.204283955795496,0.0008819703665130942
C(COMPANY_ID)[T.3779],32.994259585335016,0.45329455645463923
C(COMPANY_ID)[T.3792],147.12492455222585,0.022227484173110424
C(COMPANY_ID)[T.3794],42.262460776950554,0.0317869087155394
C(COMPANY_ID)[T.3798],17.97557813494771,0.7357061809218071
C(COMPANY_ID)[T.3799],48.40049130588727,0.7813592421977426
C(COMPANY_ID)[T.3811],5.280681251306401,0.7818996997097988
C(COMPANY_ID)[T.3812],-8.356550139914177,0.7213592413558718
C(COMPANY_ID)[T.3815],3.063824602137868,0.8757826157966667
C(COMPANY_ID)[T.3821],15.240563217186157,0.6548982262418519
C(COMPANY_ID)[T.3848],-32.212803439029955,0.5608485385605706
C(COMPANY_ID)[T.3853],-0.029637271359384765,0.6587758369855781
C(COMPANY_ID)[T.3858],-0.026165437099295863,0.6673985271084131
C(COMPANY_ID)[T.3865],-0.033349744317831276,0.681722308383353
C(COMPANY_ID)[T.3873],-13.949743929944361,0.9649094081689806
C(COMPANY_ID)[T.3874],28.360334116169184,0.08553488759980982
C(COMPANY_ID)[T.3881],0.11442216771591235,0.0636828154261156
C(COMPANY_ID)[T.3890],-14.158791014059034,0.9525849045255895
C(COMPANY_ID)[T.3897],-19.874982716899254,0.5239301380899373
C(COMPANY_ID)[T.3903],-7.741641465250041,0.9605813405811969
C(COMPANY_ID)[T.3906],37.88268024469646,0.11206080101422884
C(COMPANY_ID)[T.3926],4.088767144650866,0.8563250432552204
C(COMPANY_ID)[T.3929],13.009193228302934,0.9230704884638362
C(COMPANY_ID)[T.3930],186.40679924744109,0.1709722378201831
C(COMPANY_ID)[T.3931],0.0804272150125302,0.15638938081435586
C(COMPANY_ID)[T.3942],1255.4352804044975,0.010118647774691097
C(COMPANY_ID)[T.3945],-46.519461667333275,0.10676370089709654
C(COMPANY_ID)[T.3953],29.86894393649031,0.07102530177691138
C(COMPANY_ID)[T.3964],-0.03672710787201705,0.5751055739159856
C(COMPANY_ID)[T.3967],-7.572819716579602,0.898911813069349
C(COMPANY_ID)[T.3971],-577.0063153406778,0.0018755907089523943
C(COMPANY_ID)[T.398],81.80555446697734,0.630894334258358
C(COMPANY_ID)[T.3980],-1.777785996291243,0.9441075067591456
C(COMPANY_ID)[T.3986],-131.21236854210565,0.6496154022039347
C(COMPANY_ID)[T.3996],9.482367577501286,0.39826862698004595
C(COMPANY_ID)[T.4000],-123.19911391459664,0.6099397211113308
C(COMPANY_ID)[T.4003],-48.600279764849915,0.6031875319437412
C(COMPANY_ID)[T.4012],-0.17828784902363426,0.020411206860289494
C(COMPANY_ID)[T.4020],25.237517336213273,0.7600647100996015
C(COMPANY_ID)[T.4043],6.4917986396250384,0.8727701050311274
C(COMPANY_ID)[T.4044],-0.056256524362503835,0.36202572414743506
C(COMPANY_ID)[T.405],23.995073227354546,0.05331740747969988
C(COMPANY_ID)[T.4052],27.191387402612136,0.8767585606275026
C(COMPANY_ID)[T.4066],11.759816296353435,0.48806403584159097
C(COMPANY_ID)[T.4068],-0.09226351979735059,0.1350304092937176
C(COMPANY_ID)[T.4077],-3.8564771631008625,0.9954110608150588
C(COMPANY_ID)[T.4091],-6.111234501033778,0.6984663015781074
C(COMPANY_ID)[T.4095],58.60506859313577,0.10751607448871253
C(COMPANY_ID)[T.4103],-1929.5634243792115,9.114135074700298e-05
C(COMPANY_ID)[T.4104],59.629285528923795,9.643868517873034e-06
C(COMPANY_ID)[T.4120],29.35303763923247,0.7598929576881279
C(COMPANY_ID)[T.4124],-6.396995543109028,0.9463107987666373
C(COMPANY_ID)[T.4136],23.0634532444044,0.7528175817401526
C(COMPANY_ID)[T.4138],12.690488534478618,0.6599024399575839
C(COMPANY_ID)[T.4142],53.82151298871622,0.7300771146164056
C(COMPANY_ID)[T.4144],13.7603757955258,0.6333386540572882
C(COMPANY_ID)[T.4158],44.315287178149205,0.1898413475730992
C(COMPANY_ID)[T.4163],93.30086635036278,0.025052653054599017
C(COMPANY_ID)[T.4164],104.94311138508255,0.003979335325620117
C(COMPANY_ID)[T.4177],-101.12958420019504,0.18557293934957986
C(COMPANY_ID)[T.4186],63.698221940607965,0.06928493250338792
C(COMPANY_ID)[T.4193],-0.051738181324983104,0.5003001489394798
C(COMPANY_ID)[T.4194],69.43634004254227,0.11172700811853316
C(COMPANY_ID)[T.4195],-111.9990167579906,0.5455262207642361
C(COMPANY_ID)[T.4203],79.04637794696214,0.0003653635552414466
C(COMPANY_ID)[T.4210],-945.7996229814343,0.004533324066337928
C(COMPANY_ID)[T.4212],17.729348035934834,0.5196254259130885
C(COMPANY_ID)[T.4216],30.84038010817119,0.6694025639850744
C(COMPANY_ID)[T.4217],-604.504520851749,0.059670709221396064
C(COMPANY_ID)[T.4221],-43.69486690430085,0.8889012561002334
C(COMPANY_ID)[T.4230],26.453757918030078,0.9439650173697917
C(COMPANY_ID)[T.4231],67.3324732382248,0.005943899934744153
C(COMPANY_ID)[T.4234],-0.01776448118026147,0.7879170300252211
C(COMPANY_ID)[T.4235],15.029147754050427,0.9322609890775917
C(COMPANY_ID)[T.4244],43.489618456909724,0.02646861635337839
C(COMPANY_ID)[T.4261],-0.03133822383474255,0.6129438166613501
C(COMPANY_ID)[T.4266],2.5505785254408835,0.8481284875327904
C(COMPANY_ID)[T.4267],1948.2590820138093,0.01447105103294303
C(COMPANY_ID)[T.4270],53.29994128581816,0.0027223379560042424
C(COMPANY_ID)[T.4272],-24.140516992111884,0.773337930364433
C(COMPANY_ID)[T.4273],-0.026402370309703854,0.7097394244420309
C(COMPANY_ID)[T.4281],0.044771856157983625,0.4867450775046306
C(COMPANY_ID)[T.4291],167.39493136758279,0.6627403142037953
C(COMPANY_ID)[T.4293],-0.043835859337966854,0.7958897652306712
C(COMPANY_ID)[T.4297],-21.051934973744068,0.8148772034034123
C(COMPANY_ID)[T.4308],9.719765686930586,0.43540206280014015
C(COMPANY_ID)[T.4316],-0.023084032089918716,0.7739428527749823
C(COMPANY_ID)[T.4317],6.556151585443729,0.6128304059862875
C(COMPANY_ID)[T.4318],-0.16171743774438913,0.0411907771308116
C(COMPANY_ID)[T.4320],26.45934081673039,0.4999613569923531
C(COMPANY_ID)[T.4331],1.3690437535190654,0.959987567606179
C(COMPANY_ID)[T.4333],-102.02859732924276,0.4575145757578003
C(COMPANY_ID)[T.4349],-44.08451172202365,0.7505693051114527
C(COMPANY_ID)[T.4359],-53.462490189969685,0.9128889843184231
C(COMPANY_ID)[T.436],11.09018648996041,0.32539219530713104
C(COMPANY_ID)[T.4361],-0.045039528825949526,0.6241107893595194
C(COMPANY_ID)[T.4363],-0.018744845546405278,0.8106093889204276
C(COMPANY_ID)[T.4373],-96.294780276246,0.3580314223050416
C(COMPANY_ID)[T.4375],19.69848282221318,0.6626738608825493
C(COMPANY_ID)[T.4376],-1.631114200215194,0.9363279332488228
C(COMPANY_ID)[T.4386],141.65367744486213,0.283299536520983
C(COMPANY_ID)[T.4399],-0.05271291146475948,0.41076066941367784
C(COMPANY_ID)[T.44],-0.15665814509241804,0.19096697990689523
C(COMPANY_ID)[T.4404],-0.0741266978419663,0.29072151892469095
C(COMPANY_ID)[T.4425],1.2401578138904483,0.9596348501749283
C(COMPANY_ID)[T.4426],-0.1354749038706542,0.06502673892347702
C(COMPANY_ID)[T.4427],-0.1578543390057559,0.02966490765985765
C(COMPANY_ID)[T.443],51.17781814064048,0.014220822447690615
C(COMPANY_ID)[T.4436],21.05196409707702,0.42574747748756026
C(COMPANY_ID)[T.4445],0.009064263695731767,0.8891293836661454
C(COMPANY_ID)[T.4451],25.556127789458117,0.2553859690664535
C(COMPANY_ID)[T.4455],-10.47985138825122,0.4544064078688195
C(COMPANY_ID)[T.4459],0.03562637738952806,0.5998290182530783
C(COMPANY_ID)[T.4463],10.327372761188883,0.7130999290300266
C(COMPANY_ID)[T.4464],-227.35639523901935,0.09366789207219037
C(COMPANY_ID)[T.4467],-13.807740457313571,0.8627947838668664
C(COMPANY_ID)[T.4490],64.06777142726844,0.04640998787736827
C(COMPANY_ID)[T.4493],-556.9735623955912,0.1556255109997183
C(COMPANY_ID)[T.4494],-229.09814722568152,0.613050999939909
C(COMPANY_ID)[T.4495],67.51239978429743,0.06618532795234669
C(COMPANY_ID)[T.4496],56.864412555063076,0.12168583801834656
C(COMPANY_ID)[T.4510],92.98935247062798,0.010505745893479685
C(COMPANY_ID)[T.4514],134.78503662794458,0.27862804670729435
C(COMPANY_ID)[T.452],-0.19876998221788422,0.13249354746085143
C(COMPANY_ID)[T.4520],61.77664456938109,0.1362018627484171
C(COMPANY_ID)[T.4521],1556.405808112827,0.0010443137952812055
C(COMPANY_ID)[T.4525],0.02080065653465324,0.8716715274181452
C(COMPANY_ID)[T.4526],0.05151851264343224,0.4521409805605502
C(COMPANY_ID)[T.4531],50.34735508557006,0.04294584577133651
C(COMPANY_ID)[T.4535],158.39050576087476,0.004039985444515389
C(COMPANY_ID)[T.4538],-0.1264610996006702,0.12069296034465858
C(COMPANY_ID)[T.4562],-0.13683533850614293,0.2885284067124711
C(COMPANY_ID)[T.4565],51.682480233887105,0.038600985055864824
C(COMPANY_ID)[T.4575],9.97493588055599,0.5134810646932653
C(COMPANY_ID)[T.4576],-0.1269112099938268,0.09081696925588802
C(COMPANY_ID)[T.4580],-0.015675425711333665,0.8418874262497081
C(COMPANY_ID)[T.4596],-0.2098156757245222,0.07551277851068508
C(COMPANY_ID)[T.4599],-0.2600034974565502,0.0005653228594742944
C(COMPANY_ID)[T.4608],-0.035511934161119085,0.6682758273235967
C(COMPANY_ID)[T.4614],0.048072454583649005,0.6264662931865779
C(COMPANY_ID)[T.4622],-0.1319349134377472,0.10499559315457155
C(COMPANY_ID)[T.4626],-0.13403454370331916,0.06787817287612231
C(COMPANY_ID)[T.4627],-0.16608595400316403,0.06741182717412596
C(COMPANY_ID)[T.4629],48.48216107042134,0.006641212273221103
C(COMPANY_ID)[T.4632],-0.19287882241710178,0.06631390837866907
C(COMPANY_ID)[T.4651],-0.048588217769916536,0.5485768262986159
C(COMPANY_ID)[T.4652],-0.1700898526927251,0.036468758225397004
C(COMPANY_ID)[T.4664],108.47546952393697,0.04157340330211395
C(COMPANY_ID)[T.4671],88.50316673662371,0.06698790074778359
C(COMPANY_ID)[T.4676],-0.039509321904027894,0.7590420623660505
C(COMPANY_ID)[T.4693],-0.0604773956345529,0.5286511348407075
C(COMPANY_ID)[T.4727],-0.05828434782359335,0.46671874922692835
C(COMPANY_ID)[T.4736],-0.02656599065738094,0.7379891851220457
C(COMPANY_ID)[T.498],935.9932667425714,0.3553995534774923
C(COMPANY_ID)[T.547],165.23481821793837,0.07324368253236396
C(COMPANY_ID)[T.560],987.8376175448974,0.2473384748099535
C(COMPANY_ID)[T.566],20.40644452856307,0.6526926637957091
C(COMPANY_ID)[T.573],-85.788708593432,0.003725376319400228
C(COMPANY_ID)[T.58],-15.418805145705605,0.25629786709167823
C(COMPANY_ID)[T.590],-22.542156296168763,0.1485308026147618
C(COMPANY_ID)[T.593],43.966058441218394,0.08677598115465485
C(COMPANY_ID)[T.629],-0.1439014869821198,0.007755815816023534
C(COMPANY_ID)[T.632],15.373999789251272,0.4192085126021978
C(COMPANY_ID)[T.669],-0.7337476031057264,0.950368245571991
C(COMPANY_ID)[T.672],-0.9187362868329387,0.9863391797625319
C(COMPANY_ID)[T.693],6.617770306061708,0.7695272243385451
C(COMPANY_ID)[T.708],36.40634720237178,0.01059786305751221
C(COMPANY_ID)[T.709],38.64598744831126,0.11518674019464291
C(COMPANY_ID)[T.723],41.902476948317855,0.003216963180389077
C(COMPANY_ID)[T.768],70.5427507555697,0.1370556768001832
C(COMPANY_ID)[T.779],37.32734017608959,0.2169659605464263
C(COMPANY_ID)[T.785],23.059797515424705,0.05134859108459018
C(COMPANY_ID)[T.795],-189.56463745958774,0.03525199899011785
C(COMPANY_ID)[T.801],18.322510772203657,0.2662702838845836
C(COMPANY_ID)[T.805],45.2190838434598,0.04319565578007934
C(COMPANY_ID)[T.844],-7.940531494225652,0.5656104368542949
C(COMPANY_ID)[T.858],-0.1756405124860554,0.031332977512778
C(COMPANY_ID)[T.874],-14.712050379484594,0.7638010217312593
C(COMPANY_ID)[T.889],73.59664005908748,0.0009399612098853178
C(COMPANY_ID)[T.914],8.807163445704038,0.5034200021833815
C(COMPANY_ID)[T.932],-7.159252280330804,0.9174134461576675
C(COMPANY_ID)[T.936],0.009304306650200544,0.8845708998937514
C(COMPANY_ID)[T.951],-0.11872522331341595,0.2943512397500177
C(COMPANY_ID)[T.953],11.825261062448533,0.6644810361217228
C(COMPANY_ID)[T.973],60.448575407035804,0.028402298858526562
C(COMPANY_ID)[T.980],-313.3204099370073,0.16474084630644126
C(COMPANY_ID)[T.984],0.022650035063052798,0.7831152935507051
C(COMPANY_ID)[T.993],-0.06228049291872151,0.6809974007257705
C(MONTH_TRANSACTED)[T.2023-02-01],-0.22900963187635648,0.17865373783692418
C(MONTH_TRANSACTED)[T.2023-03-01],-0.31025899273780977,0.06721221839962119
C(MONTH_TRANSACTED)[T.2023-04-01],-0.07331157727963333,0.6695385940993528
C(MONTH_TRANSACTED)[T.2023-05-01],0.07355659698483774,0.6845658910784271
C(MONTH_TRANSACTED)[T.2023-06-01],-0.23960152567134918,0.17292062579622997
C(MONTH_TRANSACTED)[T.2023-07-01],-0.12974979147628207,0.4420380812287028
C(MONTH_TRANSACTED)[T.2023-08-01],-0.09589467024613862,0.5700032931794541
C(MONTH_TRANSACTED)[T.2023-09-01],-0.19118978449627133,0.2580845409555049
C(MONTH_TRANSACTED)[T.2023-10-01],0.002266242388413886,0.9890932503547534
C(MONTH_TRANSACTED)[T.2023-11-01],-0.27635191674368353,0.09318941115784957
C(MONTH_TRANSACTED)[T.2023-12-01],-0.15547437222405958,0.34530872567498005
C(MONTH_TRANSACTED)[T.2024-01-01],-0.04874951202783745,0.7572625844904655
C(MONTH_TRANSACTED)[T.2024-02-01],-0.10100590219442884,0.5219554688431524
C(MONTH_TRANSACTED)[T.2024-03-01],-0.02579638722245106,0.8703199532010295
C(MONTH_TRANSACTED)[T.2024-04-01],0.0020669392354078497,0.9893347964432648
C(MONTH_TRANSACTED)[T.2024-05-01],-0.23681847947601486,0.12335844924342708
C(MONTH_TRANSACTED)[T.2024-06-01],-0.16852707449592064,0.2708346146647641
C(MONTH_TRANSACTED)[T.2024-07-01],-0.07927124383919132,0.5977882090550584
C(MONTH_TRANSACTED)[T.2024-08-01],-0.045181978571443134,0.7624887877929598
C(MONTH_TRANSACTED)[T.2024-09-01],-0.0641629466025398,0.6713389157714424
C(MONTH_TRANSACTED)[T.2024-10-01],0.004137417299072577,0.9780461580971934
C(MONTH_TRANSACTED)[T.2024-11-01],-0.22769825659866172,0.1281597639721552
C(MONTH_TRANSACTED)[T.2024-12-01],-0.159528182071621,0.2860418074835936
C(MONTH_TRANSACTED)[T.2025-01-01],-0.014698174125636954,0.9210195058874879
C(MONTH_TRANSACTED)[T.2025-02-01],0.0354594961727116,0.8141088539549116
C(MONTH_TRANSACTED)[T.2025-03-01],-1.0824831617563948,8.391489348590433e-09
log_CARDUP_FEE_RATE,-3.123714866042537,0.22058978821286548
log_CARDUP_FEE_RATE:COMPANY_ID[T.1047],0.5261168052473464,0.10610013868932361
log_CARDUP_FEE_RATE:COMPANY_ID[T.1071],0.9542603595803127,0.007087377639615433
log_CARDUP_FEE_RATE:COMPANY_ID[T.1076],-79.21934281959346,0.015368236156080068
log_CARDUP_FEE_RATE:COMPANY_ID[T.1090],-38.160872026244704,0.46587794015095285
log_CARDUP_FEE_RATE:COMPANY_ID[T.1106],5.820799072259831,0.16071707296988946
log_CARDUP_FEE_RATE:COMPANY_ID[T.1117],1.899426372386273,0.9635542468015768
log_CARDUP_FEE_RATE:COMPANY_ID[T.1179],6.306284376512139,0.45987548930158617
log_CARDUP_FEE_RATE:COMPANY_ID[T.1193],0.0614784791600419,0.8508065621169653
log_CARDUP_FEE_RATE:COMPANY_ID[T.1219],0.028904682718964736,0.9915816296590831
log_CARDUP_FEE_RATE:COMPANY_ID[T.1241],-107.59708725119899,3.3536336389542985e-06
log_CARDUP_FEE_RATE:COMPANY_ID[T.125],18.347586260570992,0.0009938041524850385
log_CARDUP_FEE_RATE:COMPANY_ID[T.1266],-70.07765179601762,0.038812871392084586
log_CARDUP_FEE_RATE:COMPANY_ID[T.1304],3.110582845152436,0.26660040607801794
log_CARDUP_FEE_RATE:COMPANY_ID[T.1308],0.7051114739801161,0.06474847000533734
log_CARDUP_FEE_RATE:COMPANY_ID[T.1327],-77.80464832953079,0.0019272469756696385
log_CARDUP_FEE_RATE:COMPANY_ID[T.1371],3.821462774274737,0.16166961765136295
log_CARDUP_FEE_RATE:COMPANY_ID[T.1423],9.55211319013305,0.009694824976591118
log_CARDUP_FEE_RATE:COMPANY_ID[T.1429],0.6825412929811665,0.011631075627408755
log_CARDUP_FEE_RATE:COMPANY_ID[T.1431],2.334602406602933,0.4460690657346249
log_CARDUP_FEE_RATE:COMPANY_ID[T.1443],3.155964500927638,0.2920885246036719
log_CARDUP_FEE_RATE:COMPANY_ID[T.1456],11.437214482997305,0.002031009445988217
log_CARDUP_FEE_RATE:COMPANY_ID[T.1472],3.2282384261341406,0.45495484383006934
log_CARDUP_FEE_RATE:COMPANY_ID[T.1496],4.678177055073299,0.104113728712745
log_CARDUP_FEE_RATE:COMPANY_ID[T.1526],8.13486658626253,0.010561601979772245
log_CARDUP_FEE_RATE:COMPANY_ID[T.1535],3.075813772894838,0.23201408409802474
log_CARDUP_FEE_RATE:COMPANY_ID[T.154],16.475583182937935,0.002228251929782523
log_CARDUP_FEE_RATE:COMPANY_ID[T.1546],13.76105582950871,0.01404340104796575
log_CARDUP_FEE_RATE:COMPANY_ID[T.1547],-17.138921632291556,0.541481185742192
log_CARDUP_FEE_RATE:COMPANY_ID[T.1608],-46.57963986896601,0.1784888977687923
log_CARDUP_FEE_RATE:COMPANY_ID[T.1645],2.4703801896696262,0.9485324892975755
log_CARDUP_FEE_RATE:COMPANY_ID[T.1649],-0.7795294140234361,0.9449265649174587
log_CARDUP_FEE_RATE:COMPANY_ID[T.1672],4.742925323633482,0.15968441471405898
log_CARDUP_FEE_RATE:COMPANY_ID[T.1679],248.9744914060393,0.0024295036471195367
log_CARDUP_FEE_RATE:COMPANY_ID[T.1719],9.848505340155285,0.009661843831052957
log_CARDUP_FEE_RATE:COMPANY_ID[T.1732],-100.85412644853045,0.6708209709663997
log_CARDUP_FEE_RATE:COMPANY_ID[T.1754],13.291254522060694,0.06466084318150196
log_CARDUP_FEE_RATE:COMPANY_ID[T.1773],1.79154437210644,0.7621478095327744
log_CARDUP_FEE_RATE:COMPANY_ID[T.1778],0.1369052612345838,0.7867817350526322
log_CARDUP_FEE_RATE:COMPANY_ID[T.1794],1.7891748973322588,0.5642611343179478
log_CARDUP_FEE_RATE:COMPANY_ID[T.1832],0.6212426886903804,0.019912659823946695
log_CARDUP_FEE_RATE:COMPANY_ID[T.1844],1.8905309825741696,0.7996748416540465
log_CARDUP_FEE_RATE:COMPANY_ID[T.1857],9.096228902963908,0.02103565964639603
log_CARDUP_FEE_RATE:COMPANY_ID[T.1858],1.2694904364215418,0.681512111188155
log_CARDUP_FEE_RATE:COMPANY_ID[T.1867],3.419548129193803,0.35413252697307795
log_CARDUP_FEE_RATE:COMPANY_ID[T.1876],6.899506085423608,0.18900030361424294
log_CARDUP_FEE_RATE:COMPANY_ID[T.1879],5.030448477314128,0.15899095170401145
log_CARDUP_FEE_RATE:COMPANY_ID[T.1940],-0.9148908370916093,0.9124395070186129
log_CARDUP_FEE_RATE:COMPANY_ID[T.1944],-0.23097878139372696,0.3760470303419713
log_CARDUP_FEE_RATE:COMPANY_ID[T.1957],12.91020983060774,0.32143016411939895
log_CARDUP_FEE_RATE:COMPANY_ID[T.2018],-0.46734715852027975,0.3544485071471626
log_CARDUP_FEE_RATE:COMPANY_ID[T.2025],-1.7654053188113625,0.6088896749370953
log_CARDUP_FEE_RATE:COMPANY_ID[T.2044],4.173472966504139,0.22148740923644414
log_CARDUP_FEE_RATE:COMPANY_ID[T.2071],0.03798783736300604,0.8963050704736067
log_CARDUP_FEE_RATE:COMPANY_ID[T.2074],13.05737549284757,0.228009314155679
log_CARDUP_FEE_RATE:COMPANY_ID[T.2081],4.400176185640046,0.5640200957853356
log_CARDUP_FEE_RATE:COMPANY_ID[T.2084],7.249710776846974,0.1419462920830069
log_CARDUP_FEE_RATE:COMPANY_ID[T.2090],1.1450212908107609,0.0004747789995809387
log_CARDUP_FEE_RATE:COMPANY_ID[T.2098],-139.67893119046187,0.44839587964434113
log_CARDUP_FEE_RATE:COMPANY_ID[T.2143],9.893809427155553,0.06129332432422179
log_CARDUP_FEE_RATE:COMPANY_ID[T.2145],21.155594198526593,0.014660126171674113
log_CARDUP_FEE_RATE:COMPANY_ID[T.2157],19.17624369063669,0.0028671708383241836
log_CARDUP_FEE_RATE:COMPANY_ID[T.2160],0.09735261958524744,0.8235918837277282
log_CARDUP_FEE_RATE:COMPANY_ID[T.2164],3.924084766238799,0.2991987216993083
log_CARDUP_FEE_RATE:COMPANY_ID[T.2176],0.34812951652494073,0.29859933518861426
log_CARDUP_FEE_RATE:COMPANY_ID[T.2185],-37.58686801159428,0.2700982518472615
log_CARDUP_FEE_RATE:COMPANY_ID[T.2189],-2.1184948445445926,0.7298828911678192
log_CARDUP_FEE_RATE:COMPANY_ID[T.2203],0.8234228400726913,0.7996938713978239
log_CARDUP_FEE_RATE:COMPANY_ID[T.223],-0.06442287841822969,0.8659766563154845
log_CARDUP_FEE_RATE:COMPANY_ID[T.2235],-7.2428014164204075,0.029068602215612
log_CARDUP_FEE_RATE:COMPANY_ID[T.2238],10.35589437299532,0.018647669478669745
log_CARDUP_FEE_RATE:COMPANY_ID[T.2288],-40.282316303570305,0.8698822132152173
log_CARDUP_FEE_RATE:COMPANY_ID[T.2302],13.608919134212798,0.030301137364072854
log_CARDUP_FEE_RATE:COMPANY_ID[T.2316],10.219304043403277,0.1711928682117759
log_CARDUP_FEE_RATE:COMPANY_ID[T.2325],4.833609495718747,0.8505082446612983
log_CARDUP_FEE_RATE:COMPANY_ID[T.2331],0.5390959523253889,0.10025582517528958
log_CARDUP_FEE_RATE:COMPANY_ID[T.2335],-25.739574037487657,0.20355810129284654
log_CARDUP_FEE_RATE:COMPANY_ID[T.2336],-13.069515145795528,0.656764029195728
log_CARDUP_FEE_RATE:COMPANY_ID[T.2340],5.226804420239395,0.20894043243984575
log_CARDUP_FEE_RATE:COMPANY_ID[T.2341],0.2671889003191281,0.5406353388566292
log_CARDUP_FEE_RATE:COMPANY_ID[T.2347],-14.125186547627123,0.714679133544776
log_CARDUP_FEE_RATE:COMPANY_ID[T.2348],1.364076382197133,4.783096683317775e-05
log_CARDUP_FEE_RATE:COMPANY_ID[T.2359],5.735161595559774,0.1745244900485007
log_CARDUP_FEE_RATE:COMPANY_ID[T.2362],-3.9327331027188395,0.4887655552940141
log_CARDUP_FEE_RATE:COMPANY_ID[T.2364],35.008290020631264,0.36521214821669523
log_CARDUP_FEE_RATE:COMPANY_ID[T.2367],58.42647996062858,0.00018931071524252313
log_CARDUP_FEE_RATE:COMPANY_ID[T.2371],10.057536373358658,0.3279047172492451
log_CARDUP_FEE_RATE:COMPANY_ID[T.2372],-23.63669143701653,0.024349318966232793
log_CARDUP_FEE_RATE:COMPANY_ID[T.2383],5.7807671116937644,0.09020673577107574
log_CARDUP_FEE_RATE:COMPANY_ID[T.2391],97.82663928407715,0.6457576849415441
log_CARDUP_FEE_RATE:COMPANY_ID[T.240],-7.10958344847004,0.28150797720821835
log_CARDUP_FEE_RATE:COMPANY_ID[T.2405],-74.94634719062486,0.03773682189139589
log_CARDUP_FEE_RATE:COMPANY_ID[T.2406],-113.25928091589562,8.081455694781102e-06
log_CARDUP_FEE_RATE:COMPANY_ID[T.2425],-0.30780052473521247,0.22629348347231729
log_CARDUP_FEE_RATE:COMPANY_ID[T.2431],3.2586158423902383,0.20425361976243012
log_CARDUP_FEE_RATE:COMPANY_ID[T.2432],-23.190310169072937,0.4514056986508457
log_CARDUP_FEE_RATE:COMPANY_ID[T.2434],-3.0183639274567753,0.6635938212508228
log_CARDUP_FEE_RATE:COMPANY_ID[T.2441],-48.600723031041525,0.6083085105301473
log_CARDUP_FEE_RATE:COMPANY_ID[T.2447],-6.107248380990223,0.22754104974224407
log_CARDUP_FEE_RATE:COMPANY_ID[T.2455],10.540128204714314,0.05937900125911884
log_CARDUP_FEE_RATE:COMPANY_ID[T.2510],3.3934654418804335,0.3206967096411271
log_CARDUP_FEE_RATE:COMPANY_ID[T.2514],-23.220034257659165,0.6995294272974373
log_CARDUP_FEE_RATE:COMPANY_ID[T.2520],37.683910329842064,0.011793279835646407
log_CARDUP_FEE_RATE:COMPANY_ID[T.2523],1.8877519884493363,0.7212987914084923
log_CARDUP_FEE_RATE:COMPANY_ID[T.2537],18.46727444035625,0.2627413418932436
log_CARDUP_FEE_RATE:COMPANY_ID[T.254],3.443810538832458,0.20037002953409452
log_CARDUP_FEE_RATE:COMPANY_ID[T.2540],-1.8443270882326916,0.8348057711372706
log_CARDUP_FEE_RATE:COMPANY_ID[T.2548],-34.13129966699279,0.21662553216271044
log_CARDUP_FEE_RATE:COMPANY_ID[T.2553],5.741775565210116,0.4664060491852232
log_CARDUP_FEE_RATE:COMPANY_ID[T.2555],0.5302352495373044,0.09210310560443935
log_CARDUP_FEE_RATE:COMPANY_ID[T.2562],0.9862185386762901,0.7331351414442542
log_CARDUP_FEE_RATE:COMPANY_ID[T.2567],6.0725803087167165,0.28937029220724386
log_CARDUP_FEE_RATE:COMPANY_ID[T.2570],5.554266512262812,0.06658998178540022
log_CARDUP_FEE_RATE:COMPANY_ID[T.2574],11.145952569708143,0.014002902316449076
log_CARDUP_FEE_RATE:COMPANY_ID[T.2575],0.00025721434709780056,0.9999449923370017
log_CARDUP_FEE_RATE:COMPANY_ID[T.2599],0.05628352192471032,0.9888294556465401
log_CARDUP_FEE_RATE:COMPANY_ID[T.2609],0.22599840991370534,0.49895362080033867
log_CARDUP_FEE_RATE:COMPANY_ID[T.2614],4.157067875476599,0.820832061052436
log_CARDUP_FEE_RATE:COMPANY_ID[T.2619],-0.49262568806417173,0.3289227636616626
log_CARDUP_FEE_RATE:COMPANY_ID[T.2624],-18.945757881591334,0.004142635802582771
log_CARDUP_FEE_RATE:COMPANY_ID[T.2629],5.298745416423916,0.11798619467938501
log_CARDUP_FEE_RATE:COMPANY_ID[T.2638],-0.2505568337176545,0.4387001490337479
log_CARDUP_FEE_RATE:COMPANY_ID[T.2642],1.2493669581077178,0.6764194763549647
log_CARDUP_FEE_RATE:COMPANY_ID[T.2643],100.24200680855034,0.04422036131297086
log_CARDUP_FEE_RATE:COMPANY_ID[T.2644],20.162998730202496,1.3818229465207798e-05
log_CARDUP_FEE_RATE:COMPANY_ID[T.2645],-354.8036892861934,0.019323341251279755
log_CARDUP_FEE_RATE:COMPANY_ID[T.2663],-19.926337510463593,3.4897667315968015e-05
log_CARDUP_FEE_RATE:COMPANY_ID[T.2671],58.55428956156649,0.13802405618215088
log_CARDUP_FEE_RATE:COMPANY_ID[T.2677],-3.2787305294048186,0.42714593266362755
log_CARDUP_FEE_RATE:COMPANY_ID[T.2693],0.2556363851739374,0.5856884981090149
log_CARDUP_FEE_RATE:COMPANY_ID[T.2715],0.734854431544568,0.11794363262948761
log_CARDUP_FEE_RATE:COMPANY_ID[T.2716],4.943175949251696,0.26065894076034535
log_CARDUP_FEE_RATE:COMPANY_ID[T.2721],2.5756676412482786,0.7145918970660958
log_CARDUP_FEE_RATE:COMPANY_ID[T.2722],15.920841134459835,0.03076715580961194
log_CARDUP_FEE_RATE:COMPANY_ID[T.2739],19.41696287955574,0.007764919058427975
log_CARDUP_FEE_RATE:COMPANY_ID[T.2742],-24.604843966431496,0.021802271143373807
log_CARDUP_FEE_RATE:COMPANY_ID[T.2743],4.551262069615247,0.27064503985075333
log_CARDUP_FEE_RATE:COMPANY_ID[T.2754],6.274797306173758,0.465093810324257
log_CARDUP_FEE_RATE:COMPANY_ID[T.2789],6.161038629228813,0.18802501654012826
log_CARDUP_FEE_RATE:COMPANY_ID[T.2809],0.6838271184805973,0.14671633083290542
log_CARDUP_FEE_RATE:COMPANY_ID[T.2816],4.3253389349479425,0.11425138860186466
log_CARDUP_FEE_RATE:COMPANY_ID[T.2838],-0.3730852842259704,0.9335374687286473
log_CARDUP_FEE_RATE:COMPANY_ID[T.2843],-0.005122127553811806,0.9827565126875972
log_CARDUP_FEE_RATE:COMPANY_ID[T.285],-9.75224482138185,0.32745262351587634
log_CARDUP_FEE_RATE:COMPANY_ID[T.2854],-18.26344103416066,0.11517886506870406
log_CARDUP_FEE_RATE:COMPANY_ID[T.2867],62.16792895096819,0.44594920628522916
log_CARDUP_FEE_RATE:COMPANY_ID[T.2881],9.75819326021849,0.301043340343515
log_CARDUP_FEE_RATE:COMPANY_ID[T.2901],0.7303648092801405,0.027005651356997677
log_CARDUP_FEE_RATE:COMPANY_ID[T.2905],-151.92485855957312,0.2839302809969035
log_CARDUP_FEE_RATE:COMPANY_ID[T.2907],7.12991602957236,0.021777243743779075
log_CARDUP_FEE_RATE:COMPANY_ID[T.2943],2.758738981634256,0.814155230830649
log_CARDUP_FEE_RATE:COMPANY_ID[T.2959],7.182236975841313,0.46599798322867436
log_CARDUP_FEE_RATE:COMPANY_ID[T.2967],-0.9345588444785715,0.7767428530498868
log_CARDUP_FEE_RATE:COMPANY_ID[T.2972],4.459542241205639,0.27239688949418217
log_CARDUP_FEE_RATE:COMPANY_ID[T.2973],21.710027645824198,0.38580184188691846
log_CARDUP_FEE_RATE:COMPANY_ID[T.3032],6.861754621896662,0.35976931604497087
log_CARDUP_FEE_RATE:COMPANY_ID[T.3068],-2.8096075991567773,0.8741461791284784
log_CARDUP_FEE_RATE:COMPANY_ID[T.3079],8.058572117746547,0.031801522011397104
log_CARDUP_FEE_RATE:COMPANY_ID[T.3084],-0.3002957155855388,0.26643330671629895
log_CARDUP_FEE_RATE:COMPANY_ID[T.3092],-0.3540827807961513,0.901539183876528
log_CARDUP_FEE_RATE:COMPANY_ID[T.3109],-7.219325075608962,0.15870312180215307
log_CARDUP_FEE_RATE:COMPANY_ID[T.3135],8.295395049704432,0.2926025575294196
log_CARDUP_FEE_RATE:COMPANY_ID[T.3169],-6.7754262473495395,0.4156811066906074
log_CARDUP_FEE_RATE:COMPANY_ID[T.3181],2.081601775860964,0.6196585600032207
log_CARDUP_FEE_RATE:COMPANY_ID[T.3189],-2.5590728588454965,0.7796823156193211
log_CARDUP_FEE_RATE:COMPANY_ID[T.3208],-0.17612572719617248,0.9779482763318808
log_CARDUP_FEE_RATE:COMPANY_ID[T.3223],0.06775700489982989,0.8328148179840626
log_CARDUP_FEE_RATE:COMPANY_ID[T.3246],1.2579197822894113,0.6393244482321572
log_CARDUP_FEE_RATE:COMPANY_ID[T.3254],2.374234549058542,0.9147117261305351
log_CARDUP_FEE_RATE:COMPANY_ID[T.3257],-1.413412865617305,0.6244200779417051
log_CARDUP_FEE_RATE:COMPANY_ID[T.3282],7.689875412481129,0.05949080039610781
log_CARDUP_FEE_RATE:COMPANY_ID[T.3301],2.0931932890376785,0.5169086841252012
log_CARDUP_FEE_RATE:COMPANY_ID[T.3306],-25.484516428921268,0.17805089780010075
log_CARDUP_FEE_RATE:COMPANY_ID[T.3313],4.062923416617082,0.6829829143051485
log_CARDUP_FEE_RATE:COMPANY_ID[T.3320],2.5159626134812925,0.44753373792167295
log_CARDUP_FEE_RATE:COMPANY_ID[T.3331],-3.707698700310038,0.3606085609087435
log_CARDUP_FEE_RATE:COMPANY_ID[T.3336],0.2606275908539346,0.43582828773901205
log_CARDUP_FEE_RATE:COMPANY_ID[T.3352],2.5549610735189177,0.5304108226132105
log_CARDUP_FEE_RATE:COMPANY_ID[T.3353],-29.729844859472394,0.5253306663545486
log_CARDUP_FEE_RATE:COMPANY_ID[T.3376],7.542759330665499,0.15740465778773283
log_CARDUP_FEE_RATE:COMPANY_ID[T.3382],7.414885091123949,0.05669388368730313
log_CARDUP_FEE_RATE:COMPANY_ID[T.3389],0.12606604087685858,0.6129902241765408
log_CARDUP_FEE_RATE:COMPANY_ID[T.3390],9.835337125274556,0.0062065809593303154
log_CARDUP_FEE_RATE:COMPANY_ID[T.3401],1.8891720489137,0.7395697962503798
log_CARDUP_FEE_RATE:COMPANY_ID[T.3409],2.5728558763169103,0.49073873675170254
log_CARDUP_FEE_RATE:COMPANY_ID[T.3410],48.23917337212126,0.6161116322334277
log_CARDUP_FEE_RATE:COMPANY_ID[T.3419],-190.2024374809937,0.2633251412311548
log_CARDUP_FEE_RATE:COMPANY_ID[T.3434],-1.1732228813592798,0.8766071650632641
log_CARDUP_FEE_RATE:COMPANY_ID[T.3440],5.547339773059827,0.041602019245719206
log_CARDUP_FEE_RATE:COMPANY_ID[T.3456],7.856096389707069,0.14381699238505122
log_CARDUP_FEE_RATE:COMPANY_ID[T.3457],2.3045291648274677,0.5161313745120036
log_CARDUP_FEE_RATE:COMPANY_ID[T.3467],2.8713796818932416,0.41440124725578076
log_CARDUP_FEE_RATE:COMPANY_ID[T.3472],5.593290318807931,0.8849900483451277
log_CARDUP_FEE_RATE:COMPANY_ID[T.3476],8.099856619964736,0.04675784986501466
log_CARDUP_FEE_RATE:COMPANY_ID[T.3497],5.68146703617505,0.7473457537952393
log_CARDUP_FEE_RATE:COMPANY_ID[T.3500],1.5874480134954823,0.7683810185907808
log_CARDUP_FEE_RATE:COMPANY_ID[T.3507],0.5712589341821536,0.08176632887922991
log_CARDUP_FEE_RATE:COMPANY_ID[T.3510],5.115388092725674,0.5080406052874433
log_CARDUP_FEE_RATE:COMPANY_ID[T.3511],6.285216477441253,0.11877224060029196
log_CARDUP_FEE_RATE:COMPANY_ID[T.3517],0.7468194083877626,0.8130423041066273
log_CARDUP_FEE_RATE:COMPANY_ID[T.3537],8.56522209171186,0.24729571714655946
log_CARDUP_FEE_RATE:COMPANY_ID[T.3540],-0.3017222980363977,0.3673924933632994
log_CARDUP_FEE_RATE:COMPANY_ID[T.3547],-58.70408924126775,0.0015669363857384844
log_CARDUP_FEE_RATE:COMPANY_ID[T.3549],3.787559188588183,0.3943311912856087
log_CARDUP_FEE_RATE:COMPANY_ID[T.3552],8.897342538722674,0.12059862093094986
log_CARDUP_FEE_RATE:COMPANY_ID[T.3582],-2.7841775033894436,0.5292704882300783
log_CARDUP_FEE_RATE:COMPANY_ID[T.3592],10.503659536702436,0.2623296992988627
log_CARDUP_FEE_RATE:COMPANY_ID[T.3599],2.612413901788575,0.5732961949253994
log_CARDUP_FEE_RATE:COMPANY_ID[T.3607],-17.506625784535686,0.5839389688077854
log_CARDUP_FEE_RATE:COMPANY_ID[T.3608],15.874542447551072,0.01614940131114839
log_CARDUP_FEE_RATE:COMPANY_ID[T.3617],92.64227618731286,0.18557804899202243
log_CARDUP_FEE_RATE:COMPANY_ID[T.3618],3.912964431701681,0.76014893706136
log_CARDUP_FEE_RATE:COMPANY_ID[T.3619],0.25240298789124793,0.9931270614504301
log_CARDUP_FEE_RATE:COMPANY_ID[T.3628],9.45059932003927,0.02185951565585288
log_CARDUP_FEE_RATE:COMPANY_ID[T.3630],21.51055130308626,0.7035279311843383
log_CARDUP_FEE_RATE:COMPANY_ID[T.364],-0.03407958932599242,0.9422109440763451
log_CARDUP_FEE_RATE:COMPANY_ID[T.3641],-56.46934466163901,0.08422058154715521
log_CARDUP_FEE_RATE:COMPANY_ID[T.3643],-83.41769972161711,0.33946626592398654
log_CARDUP_FEE_RATE:COMPANY_ID[T.3644],-0.1632647196661885,0.49148329769657517
log_CARDUP_FEE_RATE:COMPANY_ID[T.3646],0.01798617286575599,0.940151446474645
log_CARDUP_FEE_RATE:COMPANY_ID[T.3669],-5.186697109136077,0.8881615567530675
log_CARDUP_FEE_RATE:COMPANY_ID[T.3674],11.013426647942936,0.22663108711203256
log_CARDUP_FEE_RATE:COMPANY_ID[T.3681],2.416345617415786,0.529166213035217
log_CARDUP_FEE_RATE:COMPANY_ID[T.3685],-14.140467266594374,0.7256301606368531
log_CARDUP_FEE_RATE:COMPANY_ID[T.369],42.3149961848753,2.2341809051978604e-10
log_CARDUP_FEE_RATE:COMPANY_ID[T.3691],8.525988198144269,0.23431222813101218
log_CARDUP_FEE_RATE:COMPANY_ID[T.3692],5.0662002951751965,0.3556769198957893
log_CARDUP_FEE_RATE:COMPANY_ID[T.3693],-127.88918470498027,0.0074658469191293195
log_CARDUP_FEE_RATE:COMPANY_ID[T.3699],62.917851734159356,0.2527739938200544
log_CARDUP_FEE_RATE:COMPANY_ID[T.3700],-3.812263030448058,0.7142680790699132
log_CARDUP_FEE_RATE:COMPANY_ID[T.3702],-11.688032051406704,0.18356135779092783
log_CARDUP_FEE_RATE:COMPANY_ID[T.3707],6.993384749017181,0.5415912976447463
log_CARDUP_FEE_RATE:COMPANY_ID[T.3718],99.60983479998838,0.6841476486496006
log_CARDUP_FEE_RATE:COMPANY_ID[T.3720],4.558830682111673,0.3012354805925044
log_CARDUP_FEE_RATE:COMPANY_ID[T.3722],-29.07467250274607,0.22612170009642923
log_CARDUP_FEE_RATE:COMPANY_ID[T.3728],10.917230441900614,0.011866952793699176
log_CARDUP_FEE_RATE:COMPANY_ID[T.3736],-213.78263030278868,0.22314260936368832
log_CARDUP_FEE_RATE:COMPANY_ID[T.3744],-32.200241934766844,0.10099812330059485
log_CARDUP_FEE_RATE:COMPANY_ID[T.3748],-0.21728940814487285,0.420320484183212
log_CARDUP_FEE_RATE:COMPANY_ID[T.3750],-7.0659005605245095,0.10489629654205729
log_CARDUP_FEE_RATE:COMPANY_ID[T.3751],-5.276561438791191,0.5099296322158613
log_CARDUP_FEE_RATE:COMPANY_ID[T.3752],7.492823679011945,0.07900644081501446
log_CARDUP_FEE_RATE:COMPANY_ID[T.3754],4.8359759103664715,0.8991450731427746
log_CARDUP_FEE_RATE:COMPANY_ID[T.3769],-0.5256754239290728,0.9299190923589411
log_CARDUP_FEE_RATE:COMPANY_ID[T.377],-0.37698166605745476,0.16251132520441153
log_CARDUP_FEE_RATE:COMPANY_ID[T.3770],-4.349949432033561,0.24616386817622907
log_CARDUP_FEE_RATE:COMPANY_ID[T.3773],-35.91557342342945,0.10673935072074425
log_CARDUP_FEE_RATE:COMPANY_ID[T.3778],13.54445273441773,0.0008354636571820039
log_CARDUP_FEE_RATE:COMPANY_ID[T.3779],7.861300689976018,0.46687205385479136
log_CARDUP_FEE_RATE:COMPANY_ID[T.3792],36.115331273066445,0.02299616248765359
log_CARDUP_FEE_RATE:COMPANY_ID[T.3794],10.60464659031669,0.027122367649679967
log_CARDUP_FEE_RATE:COMPANY_ID[T.3798],4.288697750810414,0.7420683165348897
log_CARDUP_FEE_RATE:COMPANY_ID[T.3799],11.80437314259197,0.7828854185631586
log_CARDUP_FEE_RATE:COMPANY_ID[T.3811],1.8517644214894826,0.6931019445662905
log_CARDUP_FEE_RATE:COMPANY_ID[T.3812],-1.7482341743336924,0.7584161003944754
log_CARDUP_FEE_RATE:COMPANY_ID[T.3815],1.0469300409797837,0.8267248218657961
log_CARDUP_FEE_RATE:COMPANY_ID[T.3821],4.158568647166423,0.6185739153712548
log_CARDUP_FEE_RATE:COMPANY_ID[T.3848],-7.992139944421851,0.5604710492993333
log_CARDUP_FEE_RATE:COMPANY_ID[T.3853],0.11922939595252346,0.6587758376309951
log_CARDUP_FEE_RATE:COMPANY_ID[T.3858],0.10570460730421383,0.6673985290055902
log_CARDUP_FEE_RATE:COMPANY_ID[T.3865],0.1341645049861253,0.6817223110204593
log_CARDUP_FEE_RATE:COMPANY_ID[T.3873],-3.3658236873966416,0.9655770772497485
log_CARDUP_FEE_RATE:COMPANY_ID[T.3874],7.1236531665572755,0.08022822314415204
log_CARDUP_FEE_RATE:COMPANY_ID[T.3881],-0.46031518182654985,0.06368281561143407
log_CARDUP_FEE_RATE:COMPANY_ID[T.3890],-3.6678394327614114,0.9498393958121336
log_CARDUP_FEE_RATE:COMPANY_ID[T.3897],-3.999642366018982,0.5927734715096087
log_CARDUP_FEE_RATE:COMPANY_ID[T.3903],-1.8515463690675062,0.9611239833387564
log_CARDUP_FEE_RATE:COMPANY_ID[T.3906],9.6364857672745,0.1009235376723889
log_CARDUP_FEE_RATE:COMPANY_ID[T.3926],0.884864302074442,0.873273874924255
log_CARDUP_FEE_RATE:COMPANY_ID[T.3929],3.0846195531805733,0.9244944212690434
log_CARDUP_FEE_RATE:COMPANY_ID[T.3930],45.265876648986506,0.16873314485504126
log_CARDUP_FEE_RATE:COMPANY_ID[T.3931],-0.3325799303883177,0.15638938007445224
log_CARDUP_FEE_RATE:COMPANY_ID[T.3942],311.75484825624113,0.010043513096394438
log_CARDUP_FEE_RATE:COMPANY_ID[T.3945],-11.357106497160942,0.106791687086002
log_CARDUP_FEE_RATE:COMPANY_ID[T.3953],7.566378820272984,0.06356853315166805
log_CARDUP_FEE_RATE:COMPANY_ID[T.3964],0.14654059270800834,0.5751055743153344
log_CARDUP_FEE_RATE:COMPANY_ID[T.3967],-2.37232290249662,0.8665179522792252
log_CARDUP_FEE_RATE:COMPANY_ID[T.3971],-141.8818498005362,0.001961525778781904
log_CARDUP_FEE_RATE:COMPANY_ID[T.398],23.24421894625877,0.6183942648552629
log_CARDUP_FEE_RATE:COMPANY_ID[T.3980],0.21390547397430737,0.9720849221225764
log_CARDUP_FEE_RATE:COMPANY_ID[T.3986],-32.34828043365167,0.6516057925108778
log_CARDUP_FEE_RATE:COMPANY_ID[T.3996],3.1745683601935806,0.2394867826682098
log_CARDUP_FEE_RATE:COMPANY_ID[T.4000],-30.43407852756991,0.609982660076205
log_CARDUP_FEE_RATE:COMPANY_ID[T.4003],-12.146744221710719,0.5980170062785725
log_CARDUP_FEE_RATE:COMPANY_ID[T.4012],0.7317637380564572,0.020411206838317486
log_CARDUP_FEE_RATE:COMPANY_ID[T.4020],5.987340053621921,0.7672154056490967
log_CARDUP_FEE_RATE:COMPANY_ID[T.4043],2.00607190910328,0.8407085601449354
log_CARDUP_FEE_RATE:COMPANY_ID[T.4044],0.22694954436793724,0.3620257233402857
log_CARDUP_FEE_RATE:COMPANY_ID[T.405],5.129719356934272,0.07579341777292328
log_CARDUP_FEE_RATE:COMPANY_ID[T.4052],6.454789491806864,0.8817309550260979
log_CARDUP_FEE_RATE:COMPANY_ID[T.4066],3.4857641530351327,0.4156666858657144
log_CARDUP_FEE_RATE:COMPANY_ID[T.4068],0.372208628508242,0.13503040881870207
log_CARDUP_FEE_RATE:COMPANY_ID[T.4077],-1.1577315723321817,0.9942583179672655
log_CARDUP_FEE_RATE:COMPANY_ID[T.4091],-1.635025556489822,0.6839436585188272
log_CARDUP_FEE_RATE:COMPANY_ID[T.4095],14.459832396253034,0.10307342799479811
log_CARDUP_FEE_RATE:COMPANY_ID[T.4103],-479.8729019000894,9.157297159162701e-05
log_CARDUP_FEE_RATE:COMPANY_ID[T.4104],15.068831433840348,5.333210044926311e-06
log_CARDUP_FEE_RATE:COMPANY_ID[T.4120],7.093900641107197,0.7677302483463058
log_CARDUP_FEE_RATE:COMPANY_ID[T.4124],-1.769664687978434,0.9394771048441919
log_CARDUP_FEE_RATE:COMPANY_ID[T.4136],5.5110716333692835,0.7578482317464466
log_CARDUP_FEE_RATE:COMPANY_ID[T.4138],3.1403878699788095,0.6555931301331506
log_CARDUP_FEE_RATE:COMPANY_ID[T.4142],13.109931152178945,0.731270554282388
log_CARDUP_FEE_RATE:COMPANY_ID[T.4144],3.588169999966786,0.6104171345032741
log_CARDUP_FEE_RATE:COMPANY_ID[T.4158],11.04151367971112,0.18562615980019623
log_CARDUP_FEE_RATE:COMPANY_ID[T.4163],22.86910022557875,0.025402854797335974
log_CARDUP_FEE_RATE:COMPANY_ID[T.4164],26.19689437136335,0.003901705126618475
log_CARDUP_FEE_RATE:COMPANY_ID[T.4177],-25.162635030442274,0.1821647503962239
log_CARDUP_FEE_RATE:COMPANY_ID[T.4186],15.80504319784795,0.07351543501447803
log_CARDUP_FEE_RATE:COMPANY_ID[T.4193],0.21235392760558175,0.5003001487371821
log_CARDUP_FEE_RATE:COMPANY_ID[T.4194],16.949093008074918,0.10768365136188077
log_CARDUP_FEE_RATE:COMPANY_ID[T.4195],-27.544796363919943,0.5471739920481412
log_CARDUP_FEE_RATE:COMPANY_ID[T.4203],19.801814301113946,0.0003339542744918915
log_CARDUP_FEE_RATE:COMPANY_ID[T.4210],-223.22402348482066,0.004590847106946236
log_CARDUP_FEE_RATE:COMPANY_ID[T.4212],4.73726358296477,0.483072369062185
log_CARDUP_FEE_RATE:COMPANY_ID[T.4216],7.181826621187412,0.671146107244746
log_CARDUP_FEE_RATE:COMPANY_ID[T.4217],-140.8547386765882,0.060344937207560484
log_CARDUP_FEE_RATE:COMPANY_ID[T.4221],-10.77355404144464,0.8881518492700149
log_CARDUP_FEE_RATE:COMPANY_ID[T.4230],6.253711042741088,0.9462260245959071
log_CARDUP_FEE_RATE:COMPANY_ID[T.4231],16.835704971128322,0.004833747016487259
log_CARDUP_FEE_RATE:COMPANY_ID[T.4234],0.0717659518613476,0.787917032136642
log_CARDUP_FEE_RATE:COMPANY_ID[T.4235],4.181970800454906,0.9240459943018041
log_CARDUP_FEE_RATE:COMPANY_ID[T.4244],10.57472250195654,0.02918119118810439
log_CARDUP_FEE_RATE:COMPANY_ID[T.4261],0.12660192305103646,0.6129438176408758
log_CARDUP_FEE_RATE:COMPANY_ID[T.4266],0.45900047021001456,0.8893263628918031
log_CARDUP_FEE_RATE:COMPANY_ID[T.4267],483.7201501913387,0.01442382323819077
log_CARDUP_FEE_RATE:COMPANY_ID[T.4270],13.490545836590684,0.002999082778227586
log_CARDUP_FEE_RATE:COMPANY_ID[T.4272],-6.214098650924456,0.7609587863378018
log_CARDUP_FEE_RATE:COMPANY_ID[T.4273],0.10621553578665877,0.7097394254789855
log_CARDUP_FEE_RATE:COMPANY_ID[T.4281],-0.1806182031639787,0.4867450771035632
log_CARDUP_FEE_RATE:COMPANY_ID[T.4291],40.766353728031675,0.6649683963658541
log_CARDUP_FEE_RATE:COMPANY_ID[T.4293],0.14953497496448698,0.7958897653895627
log_CARDUP_FEE_RATE:COMPANY_ID[T.4297],-5.140863737673371,0.8189207412421753
log_CARDUP_FEE_RATE:COMPANY_ID[T.4308],2.453012439350066,0.4106734433356988
log_CARDUP_FEE_RATE:COMPANY_ID[T.4316],0.09325617457668167,0.7739428519943201
log_CARDUP_FEE_RATE:COMPANY_ID[T.4317],1.9210272666332529,0.5321655293625976
log_CARDUP_FEE_RATE:COMPANY_ID[T.4318],0.6560955335262502,0.04119077695974836
log_CARDUP_FEE_RATE:COMPANY_ID[T.4320],6.751226527494701,0.48114517957015523
log_CARDUP_FEE_RATE:COMPANY_ID[T.4331],0.6152064558045538,0.9256050212401998
log_CARDUP_FEE_RATE:COMPANY_ID[T.4333],-24.742409161527945,0.46507397911199533
log_CARDUP_FEE_RATE:COMPANY_ID[T.4349],-10.37206252708549,0.7612084827527619
log_CARDUP_FEE_RATE:COMPANY_ID[T.4359],-13.600445913024714,0.9107417134219238
log_CARDUP_FEE_RATE:COMPANY_ID[T.436],2.1296413863841925,0.427171644786829
log_CARDUP_FEE_RATE:COMPANY_ID[T.4361],0.175747515649892,0.6241107875339346
log_CARDUP_FEE_RATE:COMPANY_ID[T.4363],0.07637665908835778,0.8106093892950166
log_CARDUP_FEE_RATE:COMPANY_ID[T.4373],-23.62467319211521,0.36241611825091646
log_CARDUP_FEE_RATE:COMPANY_ID[T.4375],5.080207180914371,0.6480464223011104
log_CARDUP_FEE_RATE:COMPANY_ID[T.4376],-0.08290780906734341,0.9870543437578156
log_CARDUP_FEE_RATE:COMPANY_ID[T.4386],34.88428398918852,0.2867292079810684
log_CARDUP_FEE_RATE:COMPANY_ID[T.4399],0.21478096911509792,0.4107606676236314
log_CARDUP_FEE_RATE:COMPANY_ID[T.44],0.5717487686617373,0.1909669798579453
log_CARDUP_FEE_RATE:COMPANY_ID[T.4404],0.2990412303678238,0.2907215192234182
log_CARDUP_FEE_RATE:COMPANY_ID[T.4425],0.7762443533460548,0.8997511560098729
log_CARDUP_FEE_RATE:COMPANY_ID[T.4426],0.5783014456974792,0.06502673828598739
log_CARDUP_FEE_RATE:COMPANY_ID[T.4427],0.6315521973701496,0.02966490789870137
log_CARDUP_FEE_RATE:COMPANY_ID[T.443],13.199717443943058,0.011952063429451435
log_CARDUP_FEE_RATE:COMPANY_ID[T.4436],6.05944170434579,0.3639436602849636
log_CARDUP_FEE_RATE:COMPANY_ID[T.4445],-0.036774160060261796,0.8891293833066529
log_CARDUP_FEE_RATE:COMPANY_ID[T.4451],6.612051027240009,0.22545970651790276
log_CARDUP_FEE_RATE:COMPANY_ID[T.4455],-2.3745730887229684,0.4931945732194968
log_CARDUP_FEE_RATE:COMPANY_ID[T.4459],-0.14516116983553973,0.599829015413554
log_CARDUP_FEE_RATE:COMPANY_ID[T.4463],3.0354984605893307,0.6630407530672188
log_CARDUP_FEE_RATE:COMPANY_ID[T.4464],-55.30774081587822,0.09679404683249018
log_CARDUP_FEE_RATE:COMPANY_ID[T.4467],-3.1085394544513747,0.8761699777036984
log_CARDUP_FEE_RATE:COMPANY_ID[T.4490],16.917733636685597,0.03588438237421283
log_CARDUP_FEE_RATE:COMPANY_ID[T.4493],-135.06996945729054,0.15530568479482368
log_CARDUP_FEE_RATE:COMPANY_ID[T.4494],-55.26338041442029,0.6144829704305921
log_CARDUP_FEE_RATE:COMPANY_ID[T.4495],16.365148134559064,0.06304962979527572
log_CARDUP_FEE_RATE:COMPANY_ID[T.4496],13.851477424488596,0.11556760700643176
log_CARDUP_FEE_RATE:COMPANY_ID[T.4510],24.13087828049165,0.008521116910197576
log_CARDUP_FEE_RATE:COMPANY_ID[T.4514],33.044862831193655,0.2712889638757785
log_CARDUP_FEE_RATE:COMPANY_ID[T.452],1.154683249426895,0.13249354732579813
log_CARDUP_FEE_RATE:COMPANY_ID[T.4520],16.746459108361766,0.14132076435828267
log_CARDUP_FEE_RATE:COMPANY_ID[T.4521],382.6932570280652,0.0010399266799489084
log_CARDUP_FEE_RATE:COMPANY_ID[T.4525],-0.07591529948202358,0.8716715248905976
log_CARDUP_FEE_RATE:COMPANY_ID[T.4526],-0.20931177762813302,0.4521409804906218
log_CARDUP_FEE_RATE:COMPANY_ID[T.4531],13.599787127336924,0.030659156322989958
log_CARDUP_FEE_RATE:COMPANY_ID[T.4535],39.99030101408059,0.0036338181839116485
log_CARDUP_FEE_RATE:COMPANY_ID[T.4538],0.5087472579300503,0.12069296045922671
log_CARDUP_FEE_RATE:COMPANY_ID[T.4562],0.4994022889091574,0.28852840696793836
log_CARDUP_FEE_RATE:COMPANY_ID[T.4565],13.501312646162589,0.030935665756315657
log_CARDUP_FEE_RATE:COMPANY_ID[T.4575],2.7973632262477324,0.43874000653009293
log_CARDUP_FEE_RATE:COMPANY_ID[T.4576],0.5272011677979801,0.09081696930465338
log_CARDUP_FEE_RATE:COMPANY_ID[T.4580],0.06377824147914823,0.8418874254760075
log_CARDUP_FEE_RATE:COMPANY_ID[T.4596],1.1433150457245196,0.0755127784892666
log_CARDUP_FEE_RATE:COMPANY_ID[T.4599],1.0784282952424464,0.0005653228558337888
log_CARDUP_FEE_RATE:COMPANY_ID[T.4608],0.14207807196338973,0.6682758264834994
log_CARDUP_FEE_RATE:COMPANY_ID[T.4614],-0.18480803117995093,0.6264662928426743
log_CARDUP_FEE_RATE:COMPANY_ID[T.4622],0.530768161922378,0.10499559347626614
log_CARDUP_FEE_RATE:COMPANY_ID[T.4626],0.571198994930459,0.06787817302030517
log_CARDUP_FEE_RATE:COMPANY_ID[T.4627],0.7978139969899676,0.06741182718457406
log_CARDUP_FEE_RATE:COMPANY_ID[T.4629],12.232166518021895,0.006722690329284748
log_CARDUP_FEE_RATE:COMPANY_ID[T.4632],0.9867672475964689,0.06631390826062855
log_CARDUP_FEE_RATE:COMPANY_ID[T.4651],0.1957403959371936,0.5485768267367789
log_CARDUP_FEE_RATE:COMPANY_ID[T.4652],0.6842637507785405,0.03646875785495798
log_CARDUP_FEE_RATE:COMPANY_ID[T.4664],28.21678047803273,0.042389865706003955
log_CARDUP_FEE_RATE:COMPANY_ID[T.4671],21.88003252814542,0.06428163415521
log_CARDUP_FEE_RATE:COMPANY_ID[T.4676],0.1441955429389976,0.7590420608649374
log_CARDUP_FEE_RATE:COMPANY_ID[T.4693],0.23392693614372462,0.5286511353404166
log_CARDUP_FEE_RATE:COMPANY_ID[T.4727],0.23579250002636298,0.46671874858861917
log_CARDUP_FEE_RATE:COMPANY_ID[T.4736],0.1077795195960829,0.7379891859066546
log_CARDUP_FEE_RATE:COMPANY_ID[T.498],235.24961950246518,0.35442286469054574
log_CARDUP_FEE_RATE:COMPANY_ID[T.547],42.16613758451392,0.06813687910054089
log_CARDUP_FEE_RATE:COMPANY_ID[T.560],245.33251834459404,0.24802320409141304
log_CARDUP_FEE_RATE:COMPANY_ID[T.566],5.71988659579285,0.609200993460189
log_CARDUP_FEE_RATE:COMPANY_ID[T.573],-23.175038912321533,0.0029979606448245766
log_CARDUP_FEE_RATE:COMPANY_ID[T.58],-3.9488110643015943,0.23525652923968546
log_CARDUP_FEE_RATE:COMPANY_ID[T.590],-5.631547867169516,0.13236001434259667
log_CARDUP_FEE_RATE:COMPANY_ID[T.593],11.398085353908145,0.07446499980514733
log_CARDUP_FEE_RATE:COMPANY_ID[T.629],0.6043438051702188,0.007755815858294342
log_CARDUP_FEE_RATE:COMPANY_ID[T.632],3.679779251082273,0.4173461271422684
log_CARDUP_FEE_RATE:COMPANY_ID[T.669],-0.7436880316898833,0.7934267246322528
log_CARDUP_FEE_RATE:COMPANY_ID[T.672],-0.6398778506369354,0.9609457249204727
log_CARDUP_FEE_RATE:COMPANY_ID[T.693],1.6598116053364809,0.7671381007510045
log_CARDUP_FEE_RATE:COMPANY_ID[T.708],7.995918741039315,0.01559350182168143
log_CARDUP_FEE_RATE:COMPANY_ID[T.709],9.325317301989738,0.10001945975343582
log_CARDUP_FEE_RATE:COMPANY_ID[T.723],9.339934763529135,0.004679233817944928
log_CARDUP_FEE_RATE:COMPANY_ID[T.768],16.886614025334804,0.1358206627095691
log_CARDUP_FEE_RATE:COMPANY_ID[T.779],9.937981517402985,0.1957118100202787
log_CARDUP_FEE_RATE:COMPANY_ID[T.785],5.616815138859767,0.04832364343811664
log_CARDUP_FEE_RATE:COMPANY_ID[T.795],-46.25996342896977,0.03957899549451447
log_CARDUP_FEE_RATE:COMPANY_ID[T.801],5.043300398988361,0.20401462304889342
log_CARDUP_FEE_RATE:COMPANY_ID[T.805],10.747573805001723,0.042724590329180454
log_CARDUP_FEE_RATE:COMPANY_ID[T.844],-1.7628830648171245,0.5948590770247673
log_CARDUP_FEE_RATE:COMPANY_ID[T.858],0.7065938024221082,0.03133297730742702
log_CARDUP_FEE_RATE:COMPANY_ID[T.874],-3.4055038938111863,0.7669119919287685
log_CARDUP_FEE_RATE:COMPANY_ID[T.889],19.19064816103102,0.0005991994199505098
log_CARDUP_FEE_RATE:COMPANY_ID[T.914],2.11510151660271,0.5017096024614336
log_CARDUP_FEE_RATE:COMPANY_ID[T.932],-2.1154242593266304,0.8992621519763573
log_CARDUP_FEE_RATE:COMPANY_ID[T.936],-0.03939077438739513,0.8845708996948853
log_CARDUP_FEE_RATE:COMPANY_ID[T.951],0.43330654865855767,0.2943512404172875
log_CARDUP_FEE_RATE:COMPANY_ID[T.953],3.882767390016717,0.5688457160674231
log_CARDUP_FEE_RATE:COMPANY_ID[T.973],15.849319368747743,0.021691728771320844
log_CARDUP_FEE_RATE:COMPANY_ID[T.980],-67.75277991388936,0.16688228129234536
log_CARDUP_FEE_RATE:COMPANY_ID[T.984],-0.09086839231005228,0.7831152935679273
log_CARDUP_FEE_RATE:COMPANY_ID[T.993],0.22050155949167305,0.6809974009855367
log_CARDUP_FEE_RATE_lag,-0.12298490124923195,0.35473271688495533
log_CARDUP_FEE_RATE:NEXT_DAY,0.4211231072835173,0.47301563990735496
log_TOTAL_GTV_lag,-0.058555177033651505,0.0005712672020021038
NEXT_DAY,0.539595697862401,0.8170757549718028
